1.100000023841857910e+00 0.000000000000000000e+00 1.954330354928970337e-01
1.100000023841857910e+00 4.141414072364568710e-03 1.954550296068191528e-01
1.100000023841857910e+00 8.282828144729137421e-03 1.954770982265472412e-01
1.100000023841857910e+00 1.242424175143241882e-02 1.954992115497589111e-01
1.100000023841857910e+00 1.656565628945827484e-02 1.955214142799377441e-01
1.100000023841857910e+00 2.070707082748413086e-02 1.955436617136001587e-01
1.100000023841857910e+00 2.484848350286483765e-02 1.955659687519073486e-01
1.100000023841857910e+00 2.898989804089069366e-02 1.955883502960205078e-01
1.100000023841857910e+00 3.313131257891654968e-02 1.956107765436172485e-01
1.100000023841857910e+00 3.727272525429725647e-02 1.956332772970199585e-01
1.100000023841857910e+00 4.141414165496826172e-02 1.956558376550674438e-01
1.100000023841857910e+00 4.555555433034896851e-02 1.956784576177597046e-01
1.100000023841857910e+00 4.969696700572967529e-02 1.957011371850967407e-01
1.100000023841857910e+00 5.383838340640068054e-02 1.957239061594009399e-01
1.100000023841857910e+00 5.797979608178138733e-02 1.957467049360275269e-01
1.100000023841857910e+00 6.212121248245239258e-02 1.957695931196212769e-01
1.100000023841857910e+00 6.626262515783309937e-02 1.957925111055374146e-01
1.100000023841857910e+00 7.040403783321380615e-02 1.958155035972595215e-01
1.100000023841857910e+00 7.454545050859451294e-02 1.958385556936264038e-01
1.100000023841857910e+00 7.868687063455581665e-02 1.958616822957992554e-01
1.100000023841857910e+00 8.282828330993652344e-02 1.958848834037780762e-01
1.100000023841857910e+00 8.696969598531723022e-02 1.959080994129180908e-01
1.100000023841857910e+00 9.111110866069793701e-02 1.959313750267028809e-01
1.100000023841857910e+00 9.525252133607864380e-02 1.959547698497772217e-01
1.100000023841857910e+00 9.939393401145935059e-02 1.959781795740127563e-01
1.100000023841857910e+00 1.035353541374206543e-01 1.960016936063766479e-01
1.100000023841857910e+00 1.076767668128013611e-01 1.960252225399017334e-01
1.100000023841857910e+00 1.118181794881820679e-01 1.960488557815551758e-01
1.100000023841857910e+00 1.159595921635627747e-01 1.960725337266921997e-01
1.100000023841857910e+00 1.201010048389434814e-01 1.960962712764739990e-01
1.100000023841857910e+00 1.242424249649047852e-01 1.961200684309005737e-01
1.100000023841857910e+00 1.283838301897048950e-01 1.961439400911331177e-01
1.100000023841857910e+00 1.325252503156661987e-01 1.961678266525268555e-01
1.100000023841857910e+00 1.366666704416275024e-01 1.961918324232101440e-01
1.100000023841857910e+00 1.408080756664276123e-01 1.962158679962158203e-01
1.100000023841857910e+00 1.449494957923889160e-01 1.962399631738662720e-01
1.100000023841857910e+00 1.490909010171890259e-01 1.962641328573226929e-01
1.100000023841857910e+00 1.532323211431503296e-01 1.962883621454238892e-01
1.100000023841857910e+00 1.573737412691116333e-01 1.963126659393310547e-01
1.100000023841857910e+00 1.615151464939117432e-01 1.963369995355606079e-01
1.100000023841857910e+00 1.656565666198730469e-01 1.963614076375961304e-01
1.100000023841857910e+00 1.697979718446731567e-01 1.963858753442764282e-01
1.100000023841857910e+00 1.739393919706344604e-01 1.964104026556015015e-01
1.100000023841857910e+00 1.780808120965957642e-01 1.964350044727325439e-01
1.100000023841857910e+00 1.822222173213958740e-01 1.964596509933471680e-01
1.100000023841857910e+00 1.863636374473571777e-01 1.964843720197677612e-01
1.100000023841857910e+00 1.905050426721572876e-01 1.965091526508331299e-01
1.100000023841857910e+00 1.946464627981185913e-01 1.965339928865432739e-01
1.100000023841857910e+00 1.987878680229187012e-01 1.965588778257369995e-01
1.100000023841857910e+00 2.029292881488800049e-01 1.965838223695755005e-01
1.100000023841857910e+00 2.070707082748413086e-01 1.966088414192199707e-01
1.100000023841857910e+00 2.112121284008026123e-01 1.966339349746704102e-01
1.100000023841857910e+00 2.153535336256027222e-01 1.966590732336044312e-01
1.100000023841857910e+00 2.194949537515640259e-01 1.966842412948608398e-01
1.100000023841857910e+00 2.236363589763641357e-01 1.967095136642456055e-01
1.100000023841857910e+00 2.277777791023254395e-01 1.967348307371139526e-01
1.100000023841857910e+00 2.319191843271255493e-01 1.967601925134658813e-01
1.100000023841857910e+00 2.360606044530868530e-01 1.967856287956237793e-01
1.100000023841857910e+00 2.402020245790481567e-01 1.968111395835876465e-01
1.100000023841857910e+00 2.443434298038482666e-01 1.968366801738739014e-01
1.100000023841857910e+00 2.484848499298095703e-01 1.968622952699661255e-01
1.100000023841857910e+00 2.526262402534484863e-01 1.968879699707031250e-01
1.100000023841857910e+00 2.567676901817321777e-01 1.969137042760848999e-01
1.100000023841857910e+00 2.609090805053710938e-01 1.969394832849502563e-01
1.100000023841857910e+00 2.650505006313323975e-01 1.969653517007827759e-01
1.100000023841857910e+00 2.691919207572937012e-01 1.969912350177764893e-01
1.100000023841857910e+00 2.733333110809326172e-01 1.970172226428985596e-01
1.100000023841857910e+00 2.774747610092163086e-01 1.970432400703430176e-01
1.100000023841857910e+00 2.816161513328552246e-01 1.970693320035934448e-01
1.100000023841857910e+00 2.857575714588165283e-01 1.970954835414886475e-01
1.100000023841857910e+00 2.898989915847778320e-01 1.971216648817062378e-01
1.100000023841857910e+00 2.940404117107391357e-01 1.971479505300521851e-01
1.100000023841857910e+00 2.981818318367004395e-01 1.971742510795593262e-01
1.100000023841857910e+00 3.023232221603393555e-01 1.972006261348724365e-01
1.100000023841857910e+00 3.064646422863006592e-01 1.972270607948303223e-01
1.100000023841857910e+00 3.106060624122619629e-01 1.972535401582717896e-01
1.100000023841857910e+00 3.147474825382232666e-01 1.972800940275192261e-01
1.100000023841857910e+00 3.188889026641845703e-01 1.973067224025726318e-01
1.100000023841857910e+00 3.230302929878234863e-01 1.973333507776260376e-01
1.100000023841857910e+00 3.271717131137847900e-01 1.973600983619689941e-01
1.100000023841857910e+00 3.313131332397460938e-01 1.973868906497955322e-01
1.100000023841857910e+00 3.354545533657073975e-01 1.974136978387832642e-01
1.100000023841857910e+00 3.395959734916687012e-01 1.974405944347381592e-01
1.100000023841857910e+00 3.437373638153076172e-01 1.974675506353378296e-01
1.100000023841857910e+00 3.478787839412689209e-01 1.974945664405822754e-01
1.100000023841857910e+00 3.520202040672302246e-01 1.975216269493103027e-01
1.100000023841857910e+00 3.561616241931915283e-01 1.975487321615219116e-01
1.100000023841857910e+00 3.603030443191528320e-01 1.975759267807006836e-01
1.100000023841857910e+00 3.644444346427917480e-01 1.976031363010406494e-01
1.100000023841857910e+00 3.685858547687530518e-01 1.976304203271865845e-01
1.100000023841857910e+00 3.727272748947143555e-01 1.976577639579772949e-01
1.100000023841857910e+00 3.768686950206756592e-01 1.976851671934127808e-01
1.100000023841857910e+00 3.810100853443145752e-01 1.977126151323318481e-01
1.100000023841857910e+00 3.851515054702758789e-01 1.977401226758956909e-01
1.100000023841857910e+00 3.892929255962371826e-01 1.977676898241043091e-01
1.100000023841857910e+00 3.934343457221984863e-01 1.977953016757965088e-01
1.100000023841857910e+00 3.975757658481597900e-01 1.978229880332946777e-01
1.100000023841857910e+00 4.017171561717987061e-01 1.978507190942764282e-01
1.100000023841857910e+00 4.058585762977600098e-01 1.978784948587417603e-01
1.100000023841857910e+00 4.099999964237213135e-01 1.979063302278518677e-01
